start=1049.767000
speed=1.610510
